0.350;1.3236E+03;1.2673E+03;1.1035E+03;8.4803E+02;5.3089E+02;1.9510E+01
0.355;1.2346E+03;1.1825E+03;1.0307E+03;7.9366E+02;4.9840E+02;2.0811E+01
0.360;1.2486E+03;1.1961E+03;1.0432E+03;8.0414E+02;5.0572E+02;2.3747E+01
0.365;1.2872E+03;1.2337E+03;1.0779E+03;8.3367E+02;5.2744E+02;2.7717E+01
0.370;1.3383E+03;1.2831E+03;1.1222E+03;8.6974E+02;5.5219E+02;3.2191E+01
0.375;1.1371E+03;1.0905E+03;9.5467E+02;7.4124E+02;4.7209E+02;3.0312E+01
0.380;1.2376E+03;1.1871E+03;1.0398E+03;8.0826E+02;5.1570E+02;3.6194E+01
0.385;1.1137E+03;1.0687E+03;9.3728E+02;7.3034E+02;4.6809E+02;3.5794E+01
0.390;1.5113E+03;1.4506E+03;1.2732E+03;9.9381E+02;6.3889E+02;5.2879E+01
0.395;1.5094E+03;1.4491E+03;1.2730E+03;9.9517E+02;6.4162E+02;5.7194E+01
0.400;1.8009E+03;1.7294E+03;1.5203E+03;1.1904E+03;7.6960E+02;7.3546E+01
0.405;1.7902E+03;1.7195E+03;1.5128E+03;1.1861E+03;7.6894E+02;7.8424E+01
0.410;1.7057E+03;1.6387E+03;1.4427E+03;1.1328E+03;7.3625E+02;7.9832E+01
0.415;1.8773E+03;1.8039E+03;1.5891E+03;1.2494E+03;8.1403E+02;9.3489E+01
0.420;1.8743E+03;1.8013E+03;1.5878E+03;1.2500E+03;8.1641E+02;9.9007E+01
0.425;1.8796E+03;1.8068E+03;1.5936E+03;1.2560E+03;8.2227E+02;1.0496E+02
0.430;1.3552E+03;1.3029E+03;1.1498E+03;9.0720E+02;5.9517E+02;7.9727E+01
0.435;1.8094E+03;1.7399E+03;1.5362E+03;1.2134E+03;7.9761E+02;1.1182E+02
0.440;1.9171E+03;1.8437E+03;1.6286E+03;1.2876E+03;8.4802E+02;1.2410E+02
0.445;2.0488E+03;1.9705E+03;1.7414E+03;1.3780E+03;9.0905E+02;1.3849E+02
0.450;2.2499E+03;2.1643E+03;1.9136E+03;1.5158E+03;1.0019E+03;1.5868E+02
0.455;2.1514E+03;2.0698E+03;1.8308E+03;1.4515E+03;9.6120E+02;1.5789E+02
0.460;2.1755E+03;2.0932E+03;1.8521E+03;1.4693E+03;9.7417E+02;1.6542E+02
0.465;2.1571E+03;2.0757E+03;1.8373E+03;1.4587E+03;9.6857E+02;1.6993E+02
0.470;2.0521E+03;1.9749E+03;1.7485E+03;1.3890E+03;9.2341E+02;1.6708E+02
0.475;2.1625E+03;2.0810E+03;1.8422E+03;1.4627E+03;9.7132E+02;1.8009E+02
0.480;2.1704E+03;2.0888E+03;1.8495E+03;1.4693E+03;9.7665E+02;1.8594E+02
0.485;2.0265E+03;1.9506E+03;1.7283E+03;1.3749E+03;9.1654E+02;1.7969E+02
0.490;2.1076E+03;2.0289E+03;1.7984E+03;1.4319E+03;9.5612E+02;1.9252E+02
0.495;2.1066E+03;2.0281E+03;1.7980E+03;1.4321E+03;9.5700E+02;1.9720E+02
0.500;2.0281E+03;1.9525E+03;1.7309E+03;1.3786E+03;9.2092E+02;1.9338E+02
0.505;2.0167E+03;1.9416E+03;1.7211E+03;1.3705E+03;9.1514E+02;1.9557E+02
0.510;2.0117E+03;1.9368E+03;1.7173E+03;1.3682E+03;9.1457E+02;1.9962E+02
0.515;1.9839E+03;1.9102E+03;1.6940E+03;1.3502E+03;9.0323E+02;2.0103E+02
0.520;1.9062E+03;1.8354E+03;1.6277E+03;1.2973E+03;8.6768E+02;1.9623E+02
0.525;2.0283E+03;1.9528E+03;1.7316E+03;1.3798E+03;9.2227E+02;2.1158E+02
0.530;1.9874E+03;1.9134E+03;1.6963E+03;1.3511E+03;9.0219E+02;2.0955E+02
0.535;1.9725E+03;1.8991E+03;1.6837E+03;1.3410E+03;8.9541E+02;2.1094E+02
0.540;1.8308E+03;1.7626E+03;1.5629E+03;1.2451E+03;8.3181E+02;1.9891E+02
0.545;1.9298E+03;1.8580E+03;1.6475E+03;1.3126E+03;8.7690E+02;2.1252E+02
0.550;1.9126E+03;1.8414E+03;1.6327E+03;1.3006E+03;8.6867E+02;2.1301E+02
0.555;1.9295E+03;1.8576E+03;1.6469E+03;1.3115E+03;8.7528E+02;2.1695E+02
0.560;1.8467E+03;1.7778E+03;1.5757E+03;1.2543E+03;8.3621E+02;2.0921E+02
0.565;1.8313E+03;1.7628E+03;1.5619E+03;1.2423E+03;8.2674E+02;2.0835E+02
0.570;1.7905E+03;1.7230E+03;1.5251E+03;1.2104E+03;8.0167E+02;2.0225E+02
0.575;1.8158E+03;1.7471E+03;1.5457E+03;1.2255E+03;8.0989E+02;2.0532E+02
0.580;1.8144E+03;1.7461E+03;1.5459E+03;1.2275E+03;8.1377E+02;2.1011E+02
0.585;1.8166E+03;1.7488E+03;1.5501E+03;1.2338E+03;8.2243E+02;2.1756E+02
0.590;1.6665E+03;1.6038E+03;1.4199E+03;1.1278E+03;7.4867E+02;1.9867E+02
0.595;1.7361E+03;1.6710E+03;1.4801E+03;1.1766E+03;7.8249E+02;2.1056E+02
0.600;1.7423E+03;1.6773E+03;1.4869E+03;1.1839E+03;7.8964E+02;2.1539E+02
0.605;1.7597E+03;1.6943E+03;1.5024E+03;1.1972E+03;7.9974E+02;2.2075E+02
0.610;1.7159E+03;1.6523E+03;1.4657E+03;1.1687E+03;7.8193E+02;2.1873E+02
0.615;1.7163E+03;1.6528E+03;1.4666E+03;1.1703E+03;7.8424E+02;2.2232E+02
0.620;1.7141E+03;1.6508E+03;1.4652E+03;1.1696E+03;7.8451E+02;2.2493E+02
0.625;1.6295E+03;1.5693E+03;1.3927E+03;1.1117E+03;7.4553E+02;2.1550E+02
0.630;1.6219E+03;1.5615E+03;1.3847E+03;1.1034E+03;7.3744E+02;2.1351E+02
0.635;1.6455E+03;1.5850E+03;1.4074E+03;1.1247E+03;7.5626E+02;2.2374E+02
0.640;1.6372E+03;1.5774E+03;1.4021E+03;1.1230E+03;7.5880E+02;2.2907E+02
0.645;1.6321E+03;1.5727E+03;1.3985E+03;1.1210E+03;7.5902E+02;2.3224E+02
0.650;1.5822E+03;1.5246E+03;1.3559E+03;1.0872E+03;7.3672E+02;2.2771E+02
0.655;1.5226E+03;1.4673E+03;1.3051E+03;1.0467E+03;7.0984E+02;2.2151E+02
0.660;1.5889E+03;1.5315E+03;1.3632E+03;1.0951E+03;7.4505E+02;2.3578E+02
0.665;1.5787E+03;1.5219E+03;1.3553E+03;1.0899E+03;7.4317E+02;2.3808E+02
0.670;1.5549E+03;1.4991E+03;1.3355E+03;1.0749E+03;7.3431E+02;2.3791E+02
0.675;1.5361E+03;1.4812E+03;1.3199E+03;1.0630E+03;7.2725E+02;2.3800E+02
0.680;1.5204E+03;1.4661E+03;1.3068E+03;1.0529E+03;7.2104E+02;2.3802E+02
0.685;1.4807E+03;1.4278E+03;1.2729E+03;1.0259E+03;7.0306E+02;2.3390E+02
0.690;1.3376E+03;1.2877E+03;1.1414E+03;9.0942E+02;6.0942E+02;1.9383E+02
0.695;1.4117E+03;1.3607E+03;1.2110E+03;9.7284E+02;6.6257E+02;2.2017E+02
0.700;1.3919E+03;1.3417E+03;1.1947E+03;9.6078E+02;6.5578E+02;2.2027E+02
0.705;1.4075E+03;1.3571E+03;1.2091E+03;9.7346E+02;6.6606E+02;2.2626E+02
0.710;1.3858E+03;1.3363E+03;1.1910E+03;9.5967E+02;6.5773E+02;2.2551E+02
0.715;1.3649E+03;1.3161E+03;1.1731E+03;9.4527E+02;6.4797E+02;2.2345E+02
0.720;1.2186E+03;1.1731E+03;1.0400E+03;8.2891E+02;5.5591E+02;1.8287E+02
0.725;1.2822E+03;1.2353E+03;1.0978E+03;8.7939E+02;5.9580E+02;2.0191E+02
0.730;1.2660E+03;1.2199E+03;1.0847E+03;8.6994E+02;5.9081E+02;2.0236E+02
0.735;1.3044E+03;1.2579E+03;1.1215E+03;9.0427E+02;6.2085E+02;2.1924E+02
0.740;1.2748E+03;1.2296E+03;1.0971E+03;8.8606E+02;6.1027E+02;2.1801E+02
0.745;1.3029E+03;1.2570E+03;1.1222E+03;9.0752E+02;6.2671E+02;2.2605E+02
0.750;1.2893E+03;1.2439E+03;1.1108E+03;8.9860E+02;6.2109E+02;2.2548E+02
0.755;1.2791E+03;1.2342E+03;1.1023E+03;8.9204E+02;6.1708E+02;2.2548E+02
0.760;5.0801E+02;4.8168E+02;4.0630E+02;2.9290E+02;1.6115E+02;3.4188E+01
0.765;8.8714E+02;8.5032E+02;7.4317E+02;5.7568E+02;3.6542E+02;1.1028E+02
0.770;1.2141E+03;1.1713E+03;1.0459E+03;8.4599E+02;5.8481E+02;2.1630E+02
0.775;1.2148E+03;1.1722E+03;1.0475E+03;8.4857E+02;5.8843E+02;2.1992E+02
0.780;1.2109E+03;1.1685E+03;1.0442E+03;8.4602E+02;5.8681E+02;2.2029E+02
0.785;1.2004E+03;1.1583E+03;1.0350E+03;8.3843E+02;5.8134E+02;2.1882E+02
0.790;1.1672E+03;1.1260E+03;1.0052E+03;8.1276E+02;5.6147E+02;2.1053E+02
0.795;1.1452E+03;1.1049E+03;9.8684E+02;7.9873E+02;5.5289E+02;2.0890E+02
0.800;1.1399E+03;1.0997E+03;9.8189E+02;7.9425E+02;5.4918E+02;2.0773E+02
0.805;1.1257E+03;1.0861E+03;9.7010E+02;7.8528E+02;5.4374E+02;2.0696E+02
0.810;1.1085E+03;1.0695E+03;9.5520E+02;7.7308E+02;5.3517E+02;2.0427E+02
0.815;1.0713E+03;1.0329E+03;9.2031E+02;7.4126E+02;5.0823E+02;1.9027E+02
0.820;1.0423E+03;1.0051E+03;8.9601E+02;7.2250E+02;4.9651E+02;1.8746E+02
0.825;1.0676E+03;1.0299E+03;9.1928E+02;7.4317E+02;5.1333E+02;1.9675E+02
0.830;1.0525E+03;1.0152E+03;9.0561E+02;7.3125E+02;5.0394E+02;1.9270E+02
0.835;1.0472E+03;1.0104E+03;9.0227E+02;7.3014E+02;5.0538E+02;1.9578E+02
0.840;1.0452E+03;1.0085E+03;9.0086E+02;7.2941E+02;5.0545E+02;1.9689E+02
0.845;1.0406E+03;1.0042E+03;8.9744E+02;7.2735E+02;5.0499E+02;1.9806E+02
0.850;9.9378E+02;9.5903E+02;8.5706E+02;6.9461E+02;4.8224E+02;1.8966E+02
0.855;9.1240E+02;8.8053E+02;7.8702E+02;6.3803E+02;4.4324E+02;1.7506E+02
0.860;1.0097E+03;9.7456E+02;8.7135E+02;7.0688E+02;4.9177E+02;1.9536E+02
0.865;9.7624E+02;9.4225E+02;8.4254E+02;6.8363E+02;4.7581E+02;1.8974E+02
0.870;9.9131E+02;9.5680E+02;8.5556E+02;6.9422E+02;4.8322E+02;1.9323E+02
0.875;9.9298E+02;9.5842E+02;8.5701E+02;6.9540E+02;4.8406E+02;1.9408E+02
0.880;9.6896E+02;9.3520E+02;8.3616E+02;6.7835E+02;4.7200E+02;1.8952E+02
0.885;9.6704E+02;9.3333E+02;8.3444E+02;6.7686E+02;4.7084E+02;1.8943E+02
0.890;9.5272E+02;9.1950E+02;8.2204E+02;6.6677E+02;4.6377E+02;1.8700E+02
0.895;9.0104E+02;8.6892E+02;7.7477E+02;6.2506E+02;4.3017E+02;1.6967E+02
0.900;8.1713E+02;7.8698E+02;6.9870E+02;5.5882E+02;3.7799E+02;1.4317E+02
0.905;8.5668E+02;8.2606E+02;7.3629E+02;5.9360E+02;4.0796E+02;1.6104E+02
0.910;7.7978E+02;7.5104E+02;6.6691E+02;5.3358E+02;3.6121E+02;1.3770E+02
0.915;7.8263E+02;7.5384E+02;6.6956E+02;5.3597E+02;3.6320E+02;1.3911E+02
0.920;8.0760E+02;7.7877E+02;6.9426E+02;5.5993E+02;3.8515E+02;1.5337E+02
0.925;7.7138E+02;7.4352E+02;6.6192E+02;5.3234E+02;3.6414E+02;1.4337E+02
0.930;6.9072E+02;6.6422E+02;5.8680E+02;4.6459E+02;3.0790E+02;1.1227E+02
0.935;5.0854E+02;4.8614E+02;4.2118E+02;3.2053E+02;1.9630E+02;5.8822E+01
0.940;6.8339E+02;6.5736E+02;5.8128E+02;4.6105E+02;3.0654E+02;1.1284E+02
0.945;5.8966E+02;5.6568E+02;4.9577E+02;3.8617E+02;2.4766E+02;8.3819E+01
0.950;6.0579E+02;5.8177E+02;5.1168E+02;4.0144E+02;2.6118E+02;9.1762E+01
0.955;6.1329E+02;5.8935E+02;5.1945E+02;4.0934E+02;2.6875E+02;9.6769E+01
0.960;6.5274E+02;6.2800E+02;5.5570E+02;4.4146E+02;2.9465E+02;1.1069E+02
0.965;6.7115E+02;6.4620E+02;5.7317E+02;4.5758E+02;3.0847E+02;1.1900E+02
0.970;7.3365E+02;7.0749E+02;6.3083E+02;5.0898E+02;3.5045E+02;1.4274E+02
0.975;6.9352E+02;6.6830E+02;5.9445E+02;4.7729E+02;3.2547E+02;1.2968E+02
0.980;7.3686E+02;7.1073E+02;6.3415E+02;5.1236E+02;3.5378E+02;1.4560E+02
0.985;7.5542E+02;7.2896E+02;6.5135E+02;5.2780E+02;3.6657E+02;1.5324E+02
0.990;7.6276E+02;7.3618E+02;6.5823E+02;5.3407E+02;3.7188E+02;1.5661E+02
0.995;7.5461E+02;7.2841E+02;6.5156E+02;5.2912E+02;3.6907E+02;1.5626E+02
1.000;7.4440E+02;7.1854E+02;6.4266E+02;5.2178E+02;3.6382E+02;1.5418E+02
1.005;7.3968E+02;7.1395E+02;6.3849E+02;5.1829E+02;3.6124E+02;1.5317E+02
1.010;7.2972E+02;7.0426E+02;6.2961E+02;5.1072E+02;3.5548E+02;1.5046E+02
1.015;7.2885E+02;7.0353E+02;6.2924E+02;5.1090E+02;3.5627E+02;1.5161E+02
1.020;7.0993E+02;6.8525E+02;6.1285E+02;4.9754E+02;3.4686E+02;1.4770E+02
1.025;7.0542E+02;6.8089E+02;6.0892E+02;4.9430E+02;3.4454E+02;1.4682E+02
1.030;6.9894E+02;6.7467E+02;6.0346E+02;4.9004E+02;3.4181E+02;1.4604E+02
1.035;6.9119E+02;6.6720E+02;5.9682E+02;4.8470E+02;3.3815E+02;1.4473E+02
1.040;6.8762E+02;6.6373E+02;5.9366E+02;4.8203E+02;3.3614E+02;1.4385E+02
1.045;6.8385E+02;6.6007E+02;5.9031E+02;4.7919E+02;3.3397E+02;1.4286E+02
1.050;6.7227E+02;6.4884E+02;5.8009E+02;4.7059E+02;3.2750E+02;1.3968E+02
1.055;6.5042E+02;6.2769E+02;5.6101E+02;4.5480E+02;3.1602E+02;1.3434E+02
1.060;6.3944E+02;6.1702E+02;5.5125E+02;4.4650E+02;3.0966E+02;1.3107E+02
1.065;6.3254E+02;6.1029E+02;5.4502E+02;4.4108E+02;3.0537E+02;1.2882E+02
1.070;6.2993E+02;6.0776E+02;5.4277E+02;4.3928E+02;3.0420E+02;1.2867E+02
1.075;6.2389E+02;6.0199E+02;5.3776E+02;4.3550E+02;3.0203E+02;1.2852E+02
1.080;6.0857E+02;5.8712E+02;5.2424E+02;4.2419E+02;2.9376E+02;1.2486E+02
1.085;5.9292E+02;5.7191E+02;5.1034E+02;4.1243E+02;2.8495E+02;1.2065E+02
1.090;5.8986E+02;5.6897E+02;5.0771E+02;4.1032E+02;2.8353E+02;1.2027E+02
1.095;5.6957E+02;5.4918E+02;4.8946E+02;3.9460E+02;2.7136E+02;1.1391E+02
1.100;5.3518E+02;5.1544E+02;4.5767E+02;3.6618E+02;2.4806E+02;1.0045E+02
1.105;5.3026E+02;5.1057E+02;4.5300E+02;3.6187E+02;2.4437E+02;9.8283E+01
1.110;5.2980E+02;5.1016E+02;4.5267E+02;3.6167E+02;2.4427E+02;9.8315E+01
1.115;4.6085E+02;4.4256E+02;3.8921E+02;3.0535E+02;1.9870E+02;7.2886E+01
1.120;3.2214E+02;3.0724E+02;2.6418E+02;1.9796E+02;1.1748E+02;3.3997E+01
1.125;3.0492E+02;2.9057E+02;2.4912E+02;1.8555E+02;1.0874E+02;3.0413E+01
1.130;3.8545E+02;3.6909E+02;3.2155E+02;2.4738E+02;1.5468E+02;5.1153E+01
1.135;2.6584E+02;2.5277E+02;2.1520E+02;1.5804E+02;9.0131E+01;2.3704E+01
1.140;4.1709E+02;4.0020E+02;3.5098E+02;2.7375E+02;1.7596E+02;6.2760E+01
1.145;3.3821E+02;3.2323E+02;2.7981E+02;2.1261E+02;1.2981E+02;4.0747E+01
1.150;3.8353E+02;3.6756E+02;3.2109E+02;2.4849E+02;1.5739E+02;5.4348E+01
1.155;4.1446E+02;3.9788E+02;3.4954E+02;2.7365E+02;1.7742E+02;6.5225E+01
1.160;4.8058E+02;4.6275E+02;4.1061E+02;3.2807E+02;2.2162E+02;9.0344E+01
1.165;4.9410E+02;4.7632E+02;4.2423E+02;3.4155E+02;2.3432E+02;9.9473E+01
1.170;4.9653E+02;4.7875E+02;4.2667E+02;3.4397E+02;2.3661E+02;1.0127E+02
1.175;4.9880E+02;4.8101E+02;4.2891E+02;3.4615E+02;2.3864E+02;1.0281E+02
1.180;4.8550E+02;4.6813E+02;4.1726E+02;3.3647E+02;2.3158E+02;9.9480E+01
1.185;4.7933E+02;4.6219E+02;4.1198E+02;3.3225E+02;2.2873E+02;9.8414E+01
1.190;4.8250E+02;4.6531E+02;4.1497E+02;3.3499E+02;2.3107E+02;1.0002E+02
1.195;4.7855E+02;4.6153E+02;4.1166E+02;3.3244E+02;2.2947E+02;9.9606E+01
1.200;4.6839E+02;4.5168E+02;4.0275E+02;3.2503E+02;2.2407E+02;9.7055E+01
1.205;4.6764E+02;4.5098E+02;4.0215E+02;3.2457E+02;2.2376E+02;9.6894E+01
1.210;4.6420E+02;4.4770E+02;3.9935E+02;3.2252E+02;2.2265E+02;9.6861E+01
1.215;4.7252E+02;4.5581E+02;4.0681E+02;3.2894E+02;2.2763E+02;9.9712E+01
1.220;4.7391E+02;4.5720E+02;4.0824E+02;3.3038E+02;2.2898E+02;1.0066E+02
1.225;4.6644E+02;4.5009E+02;4.0213E+02;3.2583E+02;2.2637E+02;1.0019E+02
1.230;4.7440E+02;4.5784E+02;4.0927E+02;3.3196E+02;2.3107E+02;1.0276E+02
1.235;4.7394E+02;4.5742E+02;4.0896E+02;3.3181E+02;2.3108E+02;1.0286E+02
1.240;4.7120E+02;4.5476E+02;4.0654E+02;3.2975E+02;2.2947E+02;1.0193E+02
1.245;4.6288E+02;4.4667E+02;3.9910E+02;3.2337E+02;2.2449E+02;9.9072E+01
1.250;4.5811E+02;4.4197E+02;3.9463E+02;3.1927E+02;2.2091E+02;9.6601E+01
1.255;4.5213E+02;4.3605E+02;3.8887E+02;3.1380E+02;2.1590E+02;9.2943E+01
1.260;4.2279E+02;4.0744E+02;3.6243E+02;2.9091E+02;1.9793E+02;8.2665E+01
1.265;3.9561E+02;3.8092E+02;3.3788E+02;2.6962E+02;1.8123E+02;7.3308E+01
1.270;3.9194E+02;3.7735E+02;3.3463E+02;2.6686E+02;1.7915E+02;7.2233E+01
1.275;4.1757E+02;4.0241E+02;3.5797E+02;2.8736E+02;1.9555E+02;8.1871E+01
1.280;4.2290E+02;4.0776E+02;3.6337E+02;2.9279E+02;2.0087E+02;8.6176E+01
1.285;4.1932E+02;4.0447E+02;3.6091E+02;2.9160E+02;2.0125E+02;8.7890E+01
1.290;4.1980E+02;4.0489E+02;3.6117E+02;2.9166E+02;2.0117E+02;8.7984E+01
1.295;4.1929E+02;4.0441E+02;3.6079E+02;2.9145E+02;2.0121E+02;8.8382E+01
1.300;4.1297E+02;3.9826E+02;3.5513E+02;2.8662E+02;1.9756E+02;8.6595E+01
1.305;4.0071E+02;3.8628E+02;3.4404E+02;2.7699E+02;1.9003E+02;8.2422E+01
1.310;3.8293E+02;3.6899E+02;3.2820E+02;2.6354E+02;1.7987E+02;7.7090E+01
1.315;3.6422E+02;3.5073E+02;3.1128E+02;2.4886E+02;1.6837E+02;7.0653E+01
1.320;3.4419E+02;3.3111E+02;2.9288E+02;2.3257E+02;1.5525E+02;6.3066E+01
1.325;3.5369E+02;3.4046E+02;3.0177E+02;2.4060E+02;1.6191E+02;6.7094E+01
1.330;2.7559E+02;2.6406E+02;2.3057E+02;1.7834E+02;1.1300E+02;4.0386E+01
1.335;2.8932E+02;2.7754E+02;2.4324E+02;1.8954E+02;1.2182E+02;4.5076E+01
1.340;3.0284E+02;2.9078E+02;2.5561E+02;2.0036E+02;1.3021E+02;4.9367E+01
1.345;2.3862E+02;2.2796E+02;1.9705E+02;1.4922E+02;9.0343E+01;2.8305E+01
1.350;1.2424E+02;1.1703E+02;9.6556E+01;6.6406E+01;3.2956E+01;5.9895E+00
1.355;4.5182E+01;4.1644E+01;3.1977E+01;1.8971E+01;6.9619E+00;5.4870E-01
1.360;8.8600E+00;7.8911E+00;5.4126E+00;2.5488E+00;5.8924E-01;1.2730E-02
1.365;1.0132E+01;9.0339E+00;6.2161E+00;2.9398E+00;6.7955E-01;1.4121E-02
1.370;1.3724E+01;1.2340E+01;8.7338E+00;4.3832E+00;1.1478E+00;3.5173E-02
1.375;5.9711E+01;5.5267E+01;4.3008E+01;2.6151E+01;9.9849E+00;8.3512E-01
1.380;1.8832E+01;1.7045E+01;1.2327E+01;6.4645E+00;1.8457E+00;7.1814E-02
1.385;1.7456E+01;1.5772E+01;1.1341E+01;5.8757E+00;1.6358E+00;5.9079E-02
1.390;5.8035E+01;5.3718E+01;4.1811E+01;2.5440E+01;9.7334E+00;8.2399E-01
1.395;3.0791E+01;2.8175E+01;2.1122E+01;1.1921E+01;3.9445E+00;2.3185E-01
1.400;4.5506E+01;4.1976E+01;3.2314E+01;1.9249E+01;7.0932E+00;5.5750E-01
1.405;6.1893E+01;5.7535E+01;4.5442E+01;2.8557E+01;1.1771E+01;1.2839E+00
1.410;9.2379E+01;8.6657E+01;7.0525E+01;4.7144E+01;2.2055E+01;3.4204E+00
1.415;1.1975E+02;1.1308E+02;9.4081E+01;6.5864E+01;3.3972E+01;6.9938E+00
1.420;1.3353E+02;1.2645E+02;1.0619E+02;7.5813E+01;4.0755E+01;9.4549E+00
1.425;1.4975E+02;1.4217E+02;1.2041E+02;8.7490E+01;4.8805E+01;1.2577E+01
1.430;1.5947E+02;1.5160E+02;1.2897E+02;9.4558E+01;5.3708E+01;1.4511E+01
1.435;1.4242E+02;1.3516E+02;1.1433E+02;8.2867E+01;4.6005E+01;1.1745E+01
1.440;1.5788E+02;1.5018E+02;1.2800E+02;9.4217E+01;5.3938E+01;1.4891E+01
1.445;1.5909E+02;1.5144E+02;1.2939E+02;9.5710E+01;5.5357E+01;1.5721E+01
1.450;1.6198E+02;1.5428E+02;1.3210E+02;9.8151E+01;5.7315E+01;1.6745E+01
1.455;2.0608E+02;1.9729E+02;1.7174E+02;1.3196E+02;8.2411E+01;2.8615E+01
1.460;2.0306E+02;1.9439E+02;1.6922E+02;1.3004E+02;8.1262E+01;2.8325E+01
1.465;1.8603E+02;1.7776E+02;1.5381E+02;1.1677E+02;7.1202E+01;2.3305E+01
1.470;1.5460E+02;1.4723E+02;1.2597E+02;9.3490E+01;5.4490E+01;1.5914E+01
1.475;2.0658E+02;1.9785E+02;1.7247E+02;1.3292E+02;8.3492E+01;2.9472E+01
1.480;1.9245E+02;1.8415E+02;1.6003E+02;1.2258E+02;7.6123E+01;2.6204E+01
1.485;2.0130E+02;1.9285E+02;1.6828E+02;1.2998E+02;8.2103E+01;2.9577E+01
1.490;2.3988E+02;2.3061E+02;2.0356E+02;1.6096E+02;1.0654E+02;4.3225E+01
1.495;2.5331E+02;2.4379E+02;2.1597E+02;1.7202E+02;1.1558E+02;4.8801E+01
1.500;2.6988E+02;2.6012E+02;2.3154E+02;1.8622E+02;1.2757E+02;5.6585E+01
1.505;2.6834E+02;2.5865E+02;2.3027E+02;1.8529E+02;1.2706E+02;5.6551E+01
1.510;2.7209E+02;2.6239E+02;2.3399E+02;1.8890E+02;1.3039E+02;5.9019E+01
1.515;2.7290E+02;2.6323E+02;2.3490E+02;1.8991E+02;1.3147E+02;5.9977E+01
1.520;2.7726E+02;2.6756E+02;2.3912E+02;1.9390E+02;1.3502E+02;6.2537E+01
1.525;2.7736E+02;2.6766E+02;2.3923E+02;1.9402E+02;1.3515E+02;6.2666E+01
1.530;2.7685E+02;2.6719E+02;2.3885E+02;1.9378E+02;1.3508E+02;6.2764E+01
1.535;2.6994E+02;2.6052E+02;2.3292E+02;1.8901E+02;1.3182E+02;6.1323E+01
1.540;2.6780E+02;2.5849E+02;2.3119E+02;1.8776E+02;1.3115E+02;6.1275E+01
1.545;2.6991E+02;2.6057E+02;2.3317E+02;1.8957E+02;1.3269E+02;6.2318E+01
1.550;2.7057E+02;2.6124E+02;2.3387E+02;1.9029E+02;1.3342E+02;6.2942E+01
1.555;2.6983E+02;2.6052E+02;2.3324E+02;1.8981E+02;1.3313E+02;6.2869E+01
1.560;2.6769E+02;2.5846E+02;2.3139E+02;1.8831E+02;1.3207E+02;6.2390E+01
1.565;2.6073E+02;2.5169E+02;2.2518E+02;1.8301E+02;1.2801E+02;6.0102E+01
1.570;2.4483E+02;2.3611E+02;2.1053E+02;1.6994E+02;1.1724E+02;5.3157E+01
1.575;2.4472E+02;2.3604E+02;2.1060E+02;1.7020E+02;1.1772E+02;5.3726E+01
1.580;2.4570E+02;2.3706E+02;2.1172E+02;1.7145E+02;1.1906E+02;5.4924E+01
1.585;2.4873E+02;2.4011E+02;2.1484E+02;1.7463E+02;1.2220E+02;5.7493E+01
1.590;2.4618E+02;2.3768E+02;2.1277E+02;1.7311E+02;1.2135E+02;5.7358E+01
1.595;2.4146E+02;2.3309E+02;2.0854E+02;1.6948E+02;1.1856E+02;5.5766E+01
1.600;2.3404E+02;2.2577E+02;2.0156E+02;1.6309E+02;1.1308E+02;5.2007E+01
1.605;2.3130E+02;2.2310E+02;1.9910E+02;1.6096E+02;1.1142E+02;5.1040E+01
1.610;2.3037E+02;2.2222E+02;1.9833E+02;1.6039E+02;1.1108E+02;5.0974E+01
1.615;2.3617E+02;2.2794E+02;2.0380E+02;1.6542E+02;1.1541E+02;5.3983E+01
1.620;2.3846E+02;2.3022E+02;2.0605E+02;1.6757E+02;1.1739E+02;5.5464E+01
1.625;2.3976E+02;2.3150E+02;2.0728E+02;1.6872E+02;1.1839E+02;5.6190E+01
1.630;2.3969E+02;2.3142E+02;2.0718E+02;1.6859E+02;1.1823E+02;5.6045E+01
1.635;2.3575E+02;2.2760E+02;2.0372E+02;1.6570E+02;1.1610E+02;5.4930E+01
1.640;2.2995E+02;2.2196E+02;1.9852E+02;1.6125E+02;1.1268E+02;5.2975E+01
1.645;2.2848E+02;2.2054E+02;1.9724E+02;1.6019E+02;1.1191E+02;5.2600E+01
1.650;2.2846E+02;2.2051E+02;1.9721E+02;1.6016E+02;1.1188E+02;5.2585E+01
1.655;2.2926E+02;2.2131E+02;1.9800E+02;1.6092E+02;1.1257E+02;5.3100E+01
1.660;2.2931E+02;2.2137E+02;1.9809E+02;1.6106E+02;1.1277E+02;5.3322E+01
1.665;2.2593E+02;2.1809E+02;1.9511E+02;1.5855E+02;1.1090E+02;5.2340E+01
1.670;2.2512E+02;2.1734E+02;1.9453E+02;1.5824E+02;1.1089E+02;5.2577E+01
1.675;2.2093E+02;2.1329E+02;1.9091E+02;1.5528E+02;1.0881E+02;5.1593E+01
1.680;2.1789E+02;2.1036E+02;1.8830E+02;1.5318E+02;1.0737E+02;5.0957E+01
1.685;2.1694E+02;2.0944E+02;1.8746E+02;1.5249E+02;1.0687E+02;5.0707E+01
1.690;2.1495E+02;2.0751E+02;1.8569E+02;1.5097E+02;1.0571E+02;5.0055E+01
1.695;2.1262E+02;2.0526E+02;1.8368E+02;1.4934E+02;1.0456E+02;4.9520E+01
1.700;2.1193E+02;2.0459E+02;1.8309E+02;1.4887E+02;1.0425E+02;4.9410E+01
1.705;2.0944E+02;2.0218E+02;1.8091E+02;1.4706E+02;1.0293E+02;4.8745E+01
1.710;2.0409E+02;1.9701E+02;1.7626E+02;1.4326E+02;1.0024E+02;4.7448E+01
1.715;2.0287E+02;1.9583E+02;1.7520E+02;1.4237E+02;9.9602E+01;4.7135E+01
1.720;2.0142E+02;1.9441E+02;1.7386E+02;1.4118E+02;9.8614E+01;4.6501E+01
1.725;1.9387E+02;1.8710E+02;1.6726E+02;1.3572E+02;9.4660E+01;4.4482E+01
1.730;1.8721E+02;1.8069E+02;1.6157E+02;1.3116E+02;9.1568E+01;4.3135E+01
1.735;1.8154E+02;1.7516E+02;1.5648E+02;1.2678E+02;8.8174E+01;4.1155E+01
1.740;1.8013E+02;1.7378E+02;1.5519E+02;1.2565E+02;8.7250E+01;4.0577E+01
1.745;1.7757E+02;1.7129E+02;1.5291E+02;1.2371E+02;8.5777E+01;3.9752E+01
1.750;1.7618E+02;1.6995E+02;1.5171E+02;1.2274E+02;8.5099E+01;3.9436E+01
1.755;1.7579E+02;1.6955E+02;1.5126E+02;1.2224E+02;8.4558E+01;3.8965E+01
1.760;1.7438E+02;1.6818E+02;1.5004E+02;1.2124E+02;8.3855E+01;3.8629E+01
1.765;1.6632E+02;1.6032E+02;1.4275E+02;1.1490E+02;7.8853E+01;3.5625E+01
1.770;1.6214E+02;1.5627E+02;1.3910E+02;1.1188E+02;7.6660E+01;3.4486E+01
1.775;1.5125E+02;1.4564E+02;1.2924E+02;1.0331E+02;6.9926E+01;3.0498E+01
1.780;1.4324E+02;1.3783E+02;1.2201E+02;9.7046E+01;6.5021E+01;2.7620E+01
1.785;1.3950E+02;1.3418E+02;1.1863E+02;9.4118E+01;6.2726E+01;2.6273E+01
1.790;1.3562E+02;1.3036E+02;1.1501E+02;9.0827E+01;5.9942E+01;2.4409E+01
1.795;1.2165E+02;1.1666E+02;1.0216E+02;7.9448E+01;5.0829E+01;1.9110E+01
1.800;1.0185E+02;9.7304E+01;8.4134E+01;6.3756E+01;3.8681E+01;1.2613E+01
1.805;8.5672E+01;8.1560E+01;6.9703E+01;5.1561E+01;2.9758E+01;8.4617E+00
1.810;6.3751E+01;6.0333E+01;5.0560E+01;3.5915E+01;1.9060E+01;4.3058E+00
1.815;4.6139E+01;4.3348E+01;3.5458E+01;2.3946E+01;1.1427E+01;1.9088E+00
1.820;3.5291E+01;3.2964E+01;2.6451E+01;1.7166E+01;7.5419E+00;1.0011E+00
1.825;2.4333E+01;2.2521E+01;1.7527E+01;1.0667E+01;4.0884E+00;3.6347E-01
1.830;1.0268E+01;9.3377E+00;6.8577E+00;3.7073E+00;1.1190E+00;5.2324E-02
1.835;3.5554E+00;3.1625E+00;2.1592E+00;1.0052E+00;2.2444E-01;4.5654E-03
1.840;4.1273E+00;3.6796E+00;2.5305E+00;1.1943E+00;2.7286E-01;5.7887E-03
1.845;6.1013E+00;5.4747E+00;3.8448E+00;1.8909E+00;4.6611E-01;1.1787E-02
1.850;4.4510E+00;3.9724E+00;2.7411E+00;1.3016E+00;2.9997E-01;6.4169E-03
1.855;4.3297E+00;3.8659E+00;2.6719E+00;1.2736E+00;2.9657E-01;6.6136E-03
1.860;7.3831E+00;6.6615E+00;4.7645E+00;2.4335E+00;6.4826E-01;2.0477E-02
1.865;9.3024E+00;8.4288E+00;6.1123E+00;3.2087E+00;9.0054E-01;3.2277E-02
1.870;1.3284E+00;1.1616E+00;7.4988E-01;3.1178E-01;5.5909E-02;6.3577E-04
1.875;3.2716E+00;2.9126E+00;1.9946E+00;9.3445E-01;2.1141E-01;4.4968E-03
1.880;1.3257E+01;1.2135E+01;9.1033E+00;5.1327E+00;1.6770E+00;9.4715E-02
1.885;1.7337E+01;1.5967E+01;1.2223E+01;7.1867E+00;2.5623E+00;1.8556E-01
1.890;1.5560E+01;1.4308E+01;1.0899E+01;6.3490E+00;2.2273E+00;1.5667E-01
1.895;1.2578E+01;1.1513E+01;8.6367E+00;4.8744E+00;1.6018E+00;9.3802E-02
1.900;5.3206E+00;4.7909E+00;3.4067E+00;1.7255E+00;4.5824E-01;1.5472E-02
1.905;7.3679E+00;6.6748E+00;4.8414E+00;2.5519E+00;7.3239E-01;3.0131E-02
1.910;9.6128E+00;8.7542E+00;6.4592E+00;3.5254E+00;1.0844E+00;5.3617E-02
1.915;1.3475E+01;1.2359E+01;9.3356E+00;5.3465E+00;1.8135E+00;1.1716E-01
1.920;2.4948E+01;2.3202E+01;1.8348E+01;1.1551E+01;4.7606E+00;5.2806E-01
1.925;2.9540E+01;2.7590E+01;2.2132E+01;1.4354E+01;6.2957E+00;8.3422E-01
1.930;3.3499E+01;3.1394E+01;2.5468E+01;1.6911E+01;7.7969E+00;1.1951E+00
1.935;4.5608E+01;4.3067E+01;3.5828E+01;2.5075E+01;1.2917E+01;2.7183E+00
1.940;5.1751E+01;4.9017E+01;4.1196E+01;2.9447E+01;1.5854E+01;3.7758E+00
1.945;5.6108E+01;5.3257E+01;4.5074E+01;3.2693E+01;1.8146E+01;4.7097E+00
1.950;5.7780E+01;5.4903E+01;4.6635E+01;3.4087E+01;1.9244E+01;5.2717E+00
1.955;5.2902E+01;5.0191E+01;4.2420E+01;3.0697E+01;1.6995E+01;4.4476E+00
1.960;5.8600E+01;5.5724E+01;4.7451E+01;3.4870E+01;1.9921E+01;5.6655E+00
1.965;7.4880E+01;7.1554E+01;6.1919E+01;4.7018E+01;2.8693E+01;9.6714E+00
1.970;8.6383E+01;8.2783E+01;7.2314E+01;5.5979E+01;3.5513E+01;1.3232E+01
1.975;9.9769E+01;9.5887E+01;8.4560E+01;6.6738E+01;4.4026E+01;1.8147E+01
1.980;1.0466E+02;1.0071E+02;8.9149E+01;7.0914E+01;4.7532E+01;2.0414E+01
1.985;1.0747E+02;1.0350E+02;9.1865E+01;7.3473E+01;4.9791E+01;2.1998E+01
1.990;1.0604E+02;1.0212E+02;9.0639E+01;7.2491E+01;4.9123E+01;2.1707E+01
1.995;9.4038E+01;9.0351E+01;7.9596E+01;6.2689E+01;4.1184E+01;1.6820E+01
2.000;6.5616E+01;6.2584E+01;5.3824E+01;4.0364E+01;2.4026E+01;7.6218E+00
2.005;4.4846E+01;4.2455E+01;3.5626E+01;2.5409E+01;1.3669E+01;3.3471E+00
2.010;4.9188E+01;4.6672E+01;3.9460E+01;2.8578E+01;1.5854E+01;4.1995E+00
2.015;5.3991E+01;5.1333E+01;4.3688E+01;3.2069E+01;1.8282E+01;5.1953E+00
2.020;6.6725E+01;6.3732E+01;5.5069E+01;4.1692E+01;2.5297E+01;8.4334E+00
2.025;8.7509E+01;8.4078E+01;7.4069E+01;5.8333E+01;3.8318E+01;1.5652E+01
2.030;9.3423E+01;8.9908E+01;7.9638E+01;6.3422E+01;4.2605E+01;1.8427E+01
2.035;9.6514E+01;9.2972E+01;8.2611E+01;6.6210E+01;4.5054E+01;2.0133E+01
2.040;9.4910E+01;9.1422E+01;8.1218E+01;6.5071E+01;4.4247E+01;1.9740E+01
2.045;8.8126E+01;8.4777E+01;7.4994E+01;5.9562E+01;3.9793E+01;1.6974E+01
2.050;7.7491E+01;7.4366E+01;6.5263E+01;5.0999E+01;3.2977E+01;1.2943E+01
2.055;7.2168E+01;6.9182E+01;6.0496E+01;4.6930E+01;2.9904E+01;1.1306E+01
2.060;7.5052E+01;7.2030E+01;6.3226E+01;4.9430E+01;3.1993E+01;1.2593E+01
2.065;7.4087E+01;7.1100E+01;6.2398E+01;4.8763E+01;3.1537E+01;1.2389E+01
2.070;7.6059E+01;7.3032E+01;6.4209E+01;5.0361E+01;3.2810E+01;1.3134E+01
2.075;8.5377E+01;8.2174E+01;7.2813E+01;5.8027E+01;3.9036E+01;1.6957E+01
2.080;8.8618E+01;8.5363E+01;7.5843E+01;6.0776E+01;4.1341E+01;1.8474E+01
2.085;8.9570E+01;8.6309E+01;7.6768E+01;6.1655E+01;4.2130E+01;1.9046E+01
2.090;9.0936E+01;8.7677E+01;7.8135E+01;6.3001E+01;4.3393E+01;2.0022E+01
2.095;9.0661E+01;8.7434E+01;7.7985E+01;6.2988E+01;4.3535E+01;2.0270E+01
2.100;8.9925E+01;8.6739E+01;7.7406E+01;6.2589E+01;4.3354E+01;2.0298E+01
2.105;8.9032E+01;8.5892E+01;7.6692E+01;6.2078E+01;4.3090E+01;2.0275E+01
2.110;8.7635E+01;8.4552E+01;7.5518E+01;6.1166E+01;4.2510E+01;2.0067E+01
2.115;8.5862E+01;8.2846E+01;7.4009E+01;5.9968E+01;4.1713E+01;1.9738E+01
2.120;8.4563E+01;8.1602E+01;7.2924E+01;5.9132E+01;4.1193E+01;1.9569E+01
2.125;8.4217E+01;8.1284E+01;7.2687E+01;5.9018E+01;4.1224E+01;1.9720E+01
2.130;8.4385E+01;8.1468E+01;7.2917E+01;5.9315E+01;4.1586E+01;2.0085E+01
2.135;8.3982E+01;8.1083E+01;7.2585E+01;5.9064E+01;4.1436E+01;2.0039E+01
2.140;8.2917E+01;8.0055E+01;7.1664E+01;5.8313E+01;4.0907E+01;1.9784E+01
2.145;8.0975E+01;7.8167E+01;6.9937E+01;5.6849E+01;3.9799E+01;1.9157E+01
2.150;7.8684E+01;7.5932E+01;6.7865E+01;5.5046E+01;3.8371E+01;1.8274E+01
2.155;7.7247E+01;7.4535E+01;6.6589E+01;5.3965E+01;3.7554E+01;1.7811E+01
2.160;7.7052E+01;7.4350E+01;6.6433E+01;5.3854E+01;3.7498E+01;1.7810E+01
2.165;7.6836E+01;7.4146E+01;6.6262E+01;5.3733E+01;3.7440E+01;1.7814E+01
2.170;7.6067E+01;7.3410E+01;6.5623E+01;5.3247E+01;3.7145E+01;1.7729E+01
2.175;7.4808E+01;7.2195E+01;6.4536E+01;5.2364E+01;3.6528E+01;1.7436E+01
2.180;7.2954E+01;7.0401E+01;6.2920E+01;5.1032E+01;3.5571E+01;1.6949E+01
2.185;7.1545E+01;6.9040E+01;6.1702E+01;5.0040E+01;3.4875E+01;1.6613E+01
2.190;7.1012E+01;6.8532E+01;6.1264E+01;4.9713E+01;3.4685E+01;1.6568E+01
2.195;6.9621E+01;6.7171E+01;5.9991E+01;4.8588E+01;3.3771E+01;1.5979E+01
2.200;6.8376E+01;6.5941E+01;5.8810E+01;4.7496E+01;3.2826E+01;1.5312E+01
2.205;6.9791E+01;6.7326E+01;6.0104E+01;4.8637E+01;3.3747E+01;1.5900E+01
2.210;7.2593E+01;7.0072E+01;6.2682E+01;5.0932E+01;3.5631E+01;1.7138E+01
2.215;7.2933E+01;7.0399E+01;6.2970E+01;5.1159E+01;3.5780E+01;1.7200E+01
2.220;7.2884E+01;7.0346E+01;6.2909E+01;5.1086E+01;3.5696E+01;1.7121E+01
2.225;7.2482E+01;6.9953E+01;6.2543E+01;5.0765E+01;3.5438E+01;1.6957E+01
2.230;7.1570E+01;6.9064E+01;6.1721E+01;5.0053E+01;3.4877E+01;1.6614E+01
2.235;7.0519E+01;6.8041E+01;6.0782E+01;4.9250E+01;3.4261E+01;1.6253E+01
2.240;6.9470E+01;6.7023E+01;5.9855E+01;4.8470E+01;3.3678E+01;1.5930E+01
2.245;6.8550E+01;6.6129E+01;5.9037E+01;4.7776E+01;3.3151E+01;1.5625E+01
2.250;6.7530E+01;6.5133E+01;5.8113E+01;4.6969E+01;3.2505E+01;1.5215E+01
2.255;6.6349E+01;6.3978E+01;5.7033E+01;4.6013E+01;3.1728E+01;1.4711E+01
2.260;6.5600E+01;6.3247E+01;5.6359E+01;4.5434E+01;3.1279E+01;1.4448E+01
2.265;6.5263E+01;6.2924E+01;5.6077E+01;4.5215E+01;3.1142E+01;1.4402E+01
2.270;6.4678E+01;6.2359E+01;5.5567E+01;4.4794E+01;3.0839E+01;1.4249E+01
2.275;6.4279E+01;6.1974E+01;5.5227E+01;4.4525E+01;3.0660E+01;1.4177E+01
2.280;6.4121E+01;6.1827E+01;5.5110E+01;4.4456E+01;3.0649E+01;1.4220E+01
2.285;6.3524E+01;6.1248E+01;5.4583E+01;4.4013E+01;3.0319E+01;1.4043E+01
2.290;6.2329E+01;6.0079E+01;5.3493E+01;4.3055E+01;2.9553E+01;1.3567E+01
2.295;6.0675E+01;5.8466E+01;5.2002E+01;4.1766E+01;2.8546E+01;1.2967E+01
2.300;5.9171E+01;5.7018E+01;5.0718E+01;4.0741E+01;2.7854E+01;1.2664E+01
2.305;5.8677E+01;5.6568E+01;5.0395E+01;4.0607E+01;2.7935E+01;1.2903E+01
2.310;5.5639E+01;5.3640E+01;4.7789E+01;3.8512E+01;2.6500E+01;1.2249E+01
2.315;5.0777E+01;4.8918E+01;4.3480E+01;3.4872E+01;2.3768E+01;1.0725E+01
2.320;4.8827E+01;4.7037E+01;4.1800E+01;3.3512E+01;2.2824E+01;1.0281E+01
2.325;4.7895E+01;4.6156E+01;4.1068E+01;3.3009E+01;2.2594E+01;1.0309E+01
2.330;4.8757E+01;4.6993E+01;4.1830E+01;3.3650E+01;2.3073E+01;1.0574E+01
2.335;4.8190E+01;4.6419E+01;4.1239E+01;3.3044E+01;2.2479E+01;1.0099E+01
2.340;4.8301E+01;4.6494E+01;4.1212E+01;3.2870E+01;2.2155E+01;9.7264E+00
2.345;4.9631E+01;4.7759E+01;4.2290E+01;3.3659E+01;2.2592E+01;9.8153E+00
2.350;5.1404E+01;4.9466E+01;4.3803E+01;3.4867E+01;2.3408E+01;1.0175E+01
2.355;5.4060E+01;5.2046E+01;4.6159E+01;3.6857E+01;2.4899E+01;1.0996E+01
2.360;5.5944E+01;5.3883E+01;4.7854E+01;3.8318E+01;2.6031E+01;1.1659E+01
2.365;5.3113E+01;5.1120E+01;4.5295E+01;3.6099E+01;2.4294E+01;1.0626E+01
2.370;5.0002E+01;4.8086E+01;4.2491E+01;3.3678E+01;2.2414E+01;9.5345E+00
2.375;4.8219E+01;4.6378E+01;4.1002E+01;3.2529E+01;2.1693E+01;9.2742E+00
2.380;4.6891E+01;4.5117E+01;3.9937E+01;3.1765E+01;2.1292E+01;9.2229E+00
2.385;4.5683E+01;4.3957E+01;3.8912E+01;3.0955E+01;2.0755E+01;8.9976E+00
2.390;4.5287E+01;4.3586E+01;3.8617E+01;3.0772E+01;2.0702E+01;9.0483E+00
2.395;4.5411E+01;4.3712E+01;3.8748E+01;3.0908E+01;2.0834E+01;9.1485E+00
2.400;4.5899E+01;4.4184E+01;3.9170E+01;3.1249E+01;2.1070E+01;9.2567E+00