 350.000;0.5309E+03
 355.000;0.4984E+03
 360.000;0.5057E+03
 365.000;0.5274E+03
 370.000;0.5522E+03
 375.000;0.4721E+03
 380.000;0.5157E+03
 385.000;0.4681E+03
 390.000;0.6389E+03
 395.000;0.6416E+03
 400.000;0.7696E+03
 405.000;0.7689E+03
 410.000;0.7362E+03
 415.000;0.8140E+03
 420.000;0.8164E+03
 425.000;0.8223E+03
 430.000;0.5952E+03
 435.000;0.7976E+03
 440.000;0.8480E+03
 445.000;0.9090E+03
 450.000;0.1002E+04
 455.000;0.9612E+03
 460.000;0.9742E+03
 465.000;0.9686E+03
 470.000;0.9234E+03
 475.000;0.9713E+03
 480.000;0.9767E+03
 485.000;0.9165E+03
 490.000;0.9561E+03
 495.000;0.9570E+03
 500.000;0.9209E+03
 505.000;0.9151E+03
 510.000;0.9146E+03
 515.000;0.9032E+03
 520.000;0.8677E+03
 525.000;0.9223E+03
 530.000;0.9022E+03
 535.000;0.8954E+03
 540.000;0.8318E+03
 545.000;0.8769E+03
 550.000;0.8687E+03
 555.000;0.8753E+03
 560.000;0.8362E+03
 565.000;0.8267E+03
 570.000;0.8017E+03
 575.000;0.8099E+03
 580.000;0.8138E+03
 585.000;0.8224E+03
 590.000;0.7487E+03
 595.000;0.7825E+03
 600.000;0.7896E+03
 605.000;0.7997E+03
 610.000;0.7819E+03
 615.000;0.7842E+03
 620.000;0.7845E+03
 625.000;0.7455E+03
 630.000;0.7374E+03
 635.000;0.7563E+03
 640.000;0.7588E+03
 645.000;0.7590E+03
 650.000;0.7367E+03
 655.000;0.7098E+03
 660.000;0.7450E+03
 665.000;0.7432E+03
 670.000;0.7343E+03
 675.000;0.7272E+03
 680.000;0.7210E+03
 685.000;0.7031E+03
 690.000;0.6094E+03
 695.000;0.6626E+03
 700.000;0.6558E+03
 705.000;0.6661E+03
 710.000;0.6577E+03
 715.000;0.6480E+03
 720.000;0.5559E+03
 725.000;0.5958E+03
 730.000;0.5908E+03
 735.000;0.6208E+03
 740.000;0.6103E+03
 745.000;0.6267E+03
 750.000;0.6211E+03
 755.000;0.6171E+03
 760.000;0.1611E+03
 765.000;0.3654E+03
 770.000;0.5848E+03
 775.000;0.5884E+03
 780.000;0.5868E+03
 785.000;0.5813E+03
 790.000;0.5615E+03
 795.000;0.5529E+03
 800.000;0.5492E+03
 805.000;0.5437E+03
 810.000;0.5352E+03
 815.000;0.5082E+03
 820.000;0.4965E+03
 825.000;0.5133E+03
 830.000;0.5039E+03
 835.000;0.5054E+03
 840.000;0.5055E+03
 845.000;0.5050E+03
 850.000;0.4822E+03
 855.000;0.4432E+03
 860.000;0.4918E+03
 865.000;0.4758E+03
 870.000;0.4832E+03
 875.000;0.4841E+03
 880.000;0.4720E+03
 885.000;0.4708E+03
 890.000;0.4638E+03
 895.000;0.4302E+03
 900.000;0.3780E+03
 905.000;0.4080E+03
 910.000;0.3612E+03
 915.000;0.3632E+03
 920.000;0.3851E+03
 925.000;0.3641E+03
 930.000;0.3079E+03
 935.000;0.1963E+03
 940.000;0.3065E+03
 945.000;0.2477E+03
 950.000;0.2612E+03
 955.000;0.2688E+03
 960.000;0.2946E+03
 965.000;0.3085E+03
 970.000;0.3505E+03
 975.000;0.3255E+03
 980.000;0.3538E+03
 985.000;0.3666E+03
 990.000;0.3719E+03
 995.000;0.3691E+03
1000.000;0.3638E+03
1005.000;0.3612E+03
1010.000;0.3555E+03
1015.000;0.3563E+03
1020.000;0.3469E+03
1025.000;0.3445E+03
1030.000;0.3418E+03
1035.000;0.3381E+03
1040.000;0.3361E+03
1045.000;0.3340E+03
1050.000;0.3275E+03
1055.000;0.3160E+03
1060.000;0.3097E+03
1065.000;0.3054E+03
1070.000;0.3042E+03
1075.000;0.3020E+03
1080.000;0.2938E+03
1085.000;0.2850E+03
1090.000;0.2835E+03
1095.000;0.2714E+03
1100.000;0.2481E+03
1105.000;0.2444E+03
1110.000;0.2443E+03
1115.000;0.1987E+03
1120.000;0.1175E+03
1125.000;0.1087E+03
1130.000;0.1547E+03
1135.000;0.9013E+02
1140.000;0.1760E+03
1145.000;0.1298E+03
1150.000;0.1574E+03
1155.000;0.1774E+03
1160.000;0.2216E+03
1165.000;0.2343E+03
1170.000;0.2366E+03
1175.000;0.2386E+03
1180.000;0.2316E+03
1185.000;0.2287E+03
1190.000;0.2311E+03
1195.000;0.2295E+03
1200.000;0.2241E+03
1205.000;0.2238E+03
1210.000;0.2226E+03
1215.000;0.2276E+03
1220.000;0.2290E+03
1225.000;0.2264E+03
1230.000;0.2311E+03
1235.000;0.2311E+03
1240.000;0.2295E+03
1245.000;0.2245E+03
1250.000;0.2209E+03
1255.000;0.2159E+03
1260.000;0.1979E+03
1265.000;0.1812E+03
1270.000;0.1791E+03
1275.000;0.1956E+03
1280.000;0.2009E+03
1285.000;0.2012E+03
1290.000;0.2012E+03
1295.000;0.2012E+03
1300.000;0.1976E+03
1305.000;0.1900E+03
1310.000;0.1799E+03
1315.000;0.1684E+03
1320.000;0.1552E+03
1325.000;0.1619E+03
1330.000;0.1130E+03
1335.000;0.1218E+03
1340.000;0.1302E+03
1345.000;0.9034E+02
1350.000;0.3296E+02
1355.000;0.6962E+01
1360.000;0.5892E+00
1365.000;0.6795E+00
1370.000;0.1148E+01
1375.000;0.9985E+01
1380.000;0.1846E+01
1385.000;0.1636E+01
1390.000;0.9733E+01
1395.000;0.3944E+01
1400.000;0.7093E+01
1405.000;0.1177E+02
1410.000;0.2206E+02
1415.000;0.3397E+02
1420.000;0.4076E+02
1425.000;0.4881E+02
1430.000;0.5371E+02
1435.000;0.4601E+02
1440.000;0.5394E+02
1445.000;0.5536E+02
1450.000;0.5731E+02
1455.000;0.8241E+02
1460.000;0.8126E+02
1465.000;0.7120E+02
1470.000;0.5449E+02
1475.000;0.8349E+02
1480.000;0.7612E+02
1485.000;0.8210E+02
1490.000;0.1065E+03
1495.000;0.1156E+03
1500.000;0.1276E+03
1505.000;0.1271E+03
1510.000;0.1304E+03
1515.000;0.1315E+03
1520.000;0.1350E+03
1525.000;0.1351E+03
1530.000;0.1351E+03
1535.000;0.1318E+03
1540.000;0.1311E+03
1545.000;0.1327E+03
1550.000;0.1334E+03
1555.000;0.1331E+03
1560.000;0.1321E+03
1565.000;0.1280E+03
1570.000;0.1172E+03
1575.000;0.1177E+03
1580.000;0.1191E+03
1585.000;0.1222E+03
1590.000;0.1213E+03
1595.000;0.1186E+03
1600.000;0.1131E+03
1605.000;0.1114E+03
1610.000;0.1111E+03
1615.000;0.1154E+03
1620.000;0.1174E+03
1625.000;0.1184E+03
1630.000;0.1182E+03
1635.000;0.1161E+03
1640.000;0.1127E+03
1645.000;0.1119E+03
1650.000;0.1119E+03
1655.000;0.1126E+03
1660.000;0.1128E+03
1665.000;0.1109E+03
1670.000;0.1109E+03
1675.000;0.1088E+03
1680.000;0.1074E+03
1685.000;0.1069E+03
1690.000;0.1057E+03
1695.000;0.1046E+03
1700.000;0.1042E+03
1705.000;0.1029E+03
1710.000;0.1002E+03
1715.000;0.9960E+02
1720.000;0.9861E+02
1725.000;0.9466E+02
1730.000;0.9157E+02
1735.000;0.8817E+02
1740.000;0.8725E+02
1745.000;0.8578E+02
1750.000;0.8510E+02
1755.000;0.8456E+02
1760.000;0.8386E+02
1765.000;0.7885E+02
1770.000;0.7666E+02
1775.000;0.6993E+02
1780.000;0.6502E+02
1785.000;0.6273E+02
1790.000;0.5994E+02
1795.000;0.5083E+02
1800.000;0.3868E+02
1805.000;0.2976E+02
1810.000;0.1906E+02
1815.000;0.1143E+02
1820.000;0.7542E+01
1825.000;0.4088E+01
1830.000;0.1119E+01
1835.000;0.2244E+00
1840.000;0.2729E+00
1845.000;0.4661E+00
1850.000;0.3000E+00
1855.000;0.2966E+00
1860.000;0.6483E+00
1865.000;0.9005E+00
1870.000;0.5591E-01
1875.000;0.2114E+00
1880.000;0.1677E+01
1885.000;0.2562E+01
1890.000;0.2227E+01
1895.000;0.1602E+01
1900.000;0.4582E+00
1905.000;0.7324E+00
1910.000;0.1084E+01
1915.000;0.1814E+01
1920.000;0.4761E+01
1925.000;0.6296E+01
1930.000;0.7797E+01
1935.000;0.1292E+02
1940.000;0.1585E+02
1945.000;0.1815E+02
1950.000;0.1924E+02
1955.000;0.1700E+02
1960.000;0.1992E+02
1965.000;0.2869E+02
1970.000;0.3551E+02
1975.000;0.4403E+02
1980.000;0.4753E+02
1985.000;0.4979E+02
1990.000;0.4912E+02
1995.000;0.4118E+02
2000.000;0.2403E+02
2005.000;0.1367E+02
2010.000;0.1585E+02
2015.000;0.1828E+02
2020.000;0.2530E+02
2025.000;0.3832E+02
2030.000;0.4260E+02
2035.000;0.4505E+02
2040.000;0.4425E+02
2045.000;0.3979E+02
2050.000;0.3298E+02
2055.000;0.2990E+02
2060.000;0.3199E+02
2065.000;0.3154E+02
2070.000;0.3281E+02
2075.000;0.3904E+02
2080.000;0.4134E+02
2085.000;0.4213E+02
2090.000;0.4339E+02
2095.000;0.4353E+02
2100.000;0.4335E+02
2105.000;0.4309E+02
2110.000;0.4251E+02
2115.000;0.4171E+02
2120.000;0.4119E+02
2125.000;0.4122E+02
2130.000;0.4159E+02
2135.000;0.4144E+02
2140.000;0.4091E+02
2145.000;0.3980E+02
2150.000;0.3837E+02
2155.000;0.3755E+02
2160.000;0.3750E+02
2165.000;0.3744E+02
2170.000;0.3715E+02
2175.000;0.3653E+02
2180.000;0.3557E+02
2185.000;0.3488E+02
2190.000;0.3469E+02
2195.000;0.3377E+02
2200.000;0.3283E+02
2205.000;0.3375E+02
2210.000;0.3563E+02
2215.000;0.3578E+02
2220.000;0.3570E+02
2225.000;0.3544E+02
2230.000;0.3488E+02
2235.000;0.3426E+02
2240.000;0.3368E+02
2245.000;0.3315E+02
2250.000;0.3251E+02
2255.000;0.3173E+02
2260.000;0.3128E+02
2265.000;0.3114E+02
2270.000;0.3084E+02
2275.000;0.3066E+02
2280.000;0.3065E+02
2285.000;0.3032E+02
2290.000;0.2955E+02
2295.000;0.2855E+02
2300.000;0.2785E+02
2305.000;0.2793E+02
2310.000;0.2650E+02
2315.000;0.2377E+02
2320.000;0.2282E+02
2325.000;0.2259E+02
2330.000;0.2307E+02
2335.000;0.2248E+02
2340.000;0.2216E+02
2345.000;0.2259E+02
2350.000;0.2341E+02
2355.000;0.2490E+02
2360.000;0.2603E+02
2365.000;0.2429E+02
2370.000;0.2241E+02
2375.000;0.2169E+02
2380.000;0.2129E+02
2385.000;0.2075E+02
2390.000;0.2070E+02
2395.000;0.2083E+02
2400.000;0.2107E+02